{
 "cells": [
  {
   "cell_type": "code",
   "execution_count": 1,
   "id": "ecef44a9",
   "metadata": {},
   "outputs": [],
   "source": [
    "N = 3\n",
    "lamda = 3/4\n",
    "a = 0\n",
    "b = 10/6\n",
    "koef = 10/6"
   ]
  },
  {
   "cell_type": "markdown",
   "id": "84d49bc8",
   "metadata": {},
   "source": [
    "#### Выбираем количество узлов сетки и получаем шаг"
   ]
  },
  {
   "cell_type": "code",
   "execution_count": 2,
   "id": "51cc9e91",
   "metadata": {},
   "outputs": [
    {
     "name": "stdout",
     "output_type": "stream",
     "text": [
      "n =  20\n",
      "h =  0.08333333333333334\n"
     ]
    }
   ],
   "source": [
    "n = 20\n",
    "h = (b - a) / n\n",
    "print(\"n = \", n)\n",
    "print(\"h = \", h)"
   ]
  },
  {
   "cell_type": "markdown",
   "id": "274b0fca",
   "metadata": {},
   "source": [
    "#### Задаем центрально равномерную сетку, и находим в её узлах значения функции"
   ]
  },
  {
   "cell_type": "code",
   "execution_count": 3,
   "id": "1eb1cef7",
   "metadata": {},
   "outputs": [],
   "source": [
    "from sympy import Symbol, cos, sin\n",
    "import pandas as pd\n",
    "s = Symbol('s') "
   ]
  },
  {
   "cell_type": "code",
   "execution_count": 4,
   "id": "8e65486f",
   "metadata": {},
   "outputs": [],
   "source": [
    "y = koef*(s ** 2 - 11)"
   ]
  },
  {
   "cell_type": "markdown",
   "id": "76a64e43",
   "metadata": {},
   "source": [
    "#### центрально равномерная сетка"
   ]
  },
  {
   "cell_type": "code",
   "execution_count": 5,
   "id": "5c9068ef",
   "metadata": {
    "scrolled": false
   },
   "outputs": [
    {
     "data": {
      "text/html": [
       "<div>\n",
       "<style scoped>\n",
       "    .dataframe tbody tr th:only-of-type {\n",
       "        vertical-align: middle;\n",
       "    }\n",
       "\n",
       "    .dataframe tbody tr th {\n",
       "        vertical-align: top;\n",
       "    }\n",
       "\n",
       "    .dataframe thead th {\n",
       "        text-align: right;\n",
       "    }\n",
       "</style>\n",
       "<table border=\"1\" class=\"dataframe\">\n",
       "  <thead>\n",
       "    <tr style=\"text-align: right;\">\n",
       "      <th></th>\n",
       "      <th>узлы</th>\n",
       "    </tr>\n",
       "    <tr>\n",
       "      <th>index</th>\n",
       "      <th></th>\n",
       "    </tr>\n",
       "  </thead>\n",
       "  <tbody>\n",
       "    <tr>\n",
       "      <th>1</th>\n",
       "      <td>0.041667</td>\n",
       "    </tr>\n",
       "    <tr>\n",
       "      <th>2</th>\n",
       "      <td>0.125000</td>\n",
       "    </tr>\n",
       "    <tr>\n",
       "      <th>3</th>\n",
       "      <td>0.208333</td>\n",
       "    </tr>\n",
       "    <tr>\n",
       "      <th>4</th>\n",
       "      <td>0.291667</td>\n",
       "    </tr>\n",
       "    <tr>\n",
       "      <th>5</th>\n",
       "      <td>0.375000</td>\n",
       "    </tr>\n",
       "    <tr>\n",
       "      <th>6</th>\n",
       "      <td>0.458333</td>\n",
       "    </tr>\n",
       "    <tr>\n",
       "      <th>7</th>\n",
       "      <td>0.541667</td>\n",
       "    </tr>\n",
       "    <tr>\n",
       "      <th>8</th>\n",
       "      <td>0.625000</td>\n",
       "    </tr>\n",
       "    <tr>\n",
       "      <th>9</th>\n",
       "      <td>0.708333</td>\n",
       "    </tr>\n",
       "    <tr>\n",
       "      <th>10</th>\n",
       "      <td>0.791667</td>\n",
       "    </tr>\n",
       "    <tr>\n",
       "      <th>11</th>\n",
       "      <td>0.875000</td>\n",
       "    </tr>\n",
       "    <tr>\n",
       "      <th>12</th>\n",
       "      <td>0.958333</td>\n",
       "    </tr>\n",
       "    <tr>\n",
       "      <th>13</th>\n",
       "      <td>1.041667</td>\n",
       "    </tr>\n",
       "    <tr>\n",
       "      <th>14</th>\n",
       "      <td>1.125000</td>\n",
       "    </tr>\n",
       "    <tr>\n",
       "      <th>15</th>\n",
       "      <td>1.208333</td>\n",
       "    </tr>\n",
       "    <tr>\n",
       "      <th>16</th>\n",
       "      <td>1.291667</td>\n",
       "    </tr>\n",
       "    <tr>\n",
       "      <th>17</th>\n",
       "      <td>1.375000</td>\n",
       "    </tr>\n",
       "    <tr>\n",
       "      <th>18</th>\n",
       "      <td>1.458333</td>\n",
       "    </tr>\n",
       "    <tr>\n",
       "      <th>19</th>\n",
       "      <td>1.541667</td>\n",
       "    </tr>\n",
       "    <tr>\n",
       "      <th>20</th>\n",
       "      <td>1.625000</td>\n",
       "    </tr>\n",
       "  </tbody>\n",
       "</table>\n",
       "</div>"
      ],
      "text/plain": [
       "           узлы\n",
       "index          \n",
       "1      0.041667\n",
       "2      0.125000\n",
       "3      0.208333\n",
       "4      0.291667\n",
       "5      0.375000\n",
       "6      0.458333\n",
       "7      0.541667\n",
       "8      0.625000\n",
       "9      0.708333\n",
       "10     0.791667\n",
       "11     0.875000\n",
       "12     0.958333\n",
       "13     1.041667\n",
       "14     1.125000\n",
       "15     1.208333\n",
       "16     1.291667\n",
       "17     1.375000\n",
       "18     1.458333\n",
       "19     1.541667\n",
       "20     1.625000"
      ]
     },
     "execution_count": 5,
     "metadata": {},
     "output_type": "execute_result"
    }
   ],
   "source": [
    "x = [h/2]\n",
    "x_pred = x[0]\n",
    "for i in range(1, n):\n",
    "    x_pred = x_pred + h\n",
    "    x.append(x_pred) \n",
    "xdf = pd.DataFrame({\"index\":[i+1 for i in range(n)], \"узлы\":x})\n",
    "xdf.set_index(\"index\", inplace=True)\n",
    "xdf"
   ]
  },
  {
   "cell_type": "markdown",
   "id": "557d2f83",
   "metadata": {},
   "source": [
    "#### Значения  узлах в этой сетки"
   ]
  },
  {
   "cell_type": "code",
   "execution_count": 6,
   "id": "d320f606",
   "metadata": {},
   "outputs": [
    {
     "data": {
      "text/html": [
       "<div>\n",
       "<style scoped>\n",
       "    .dataframe tbody tr th:only-of-type {\n",
       "        vertical-align: middle;\n",
       "    }\n",
       "\n",
       "    .dataframe tbody tr th {\n",
       "        vertical-align: top;\n",
       "    }\n",
       "\n",
       "    .dataframe thead th {\n",
       "        text-align: right;\n",
       "    }\n",
       "</style>\n",
       "<table border=\"1\" class=\"dataframe\">\n",
       "  <thead>\n",
       "    <tr style=\"text-align: right;\">\n",
       "      <th></th>\n",
       "      <th>значения в узлах</th>\n",
       "    </tr>\n",
       "    <tr>\n",
       "      <th>index</th>\n",
       "      <th></th>\n",
       "    </tr>\n",
       "  </thead>\n",
       "  <tbody>\n",
       "    <tr>\n",
       "      <th>1</th>\n",
       "      <td>-18.3304398148148</td>\n",
       "    </tr>\n",
       "    <tr>\n",
       "      <th>2</th>\n",
       "      <td>-18.3072916666667</td>\n",
       "    </tr>\n",
       "    <tr>\n",
       "      <th>3</th>\n",
       "      <td>-18.2609953703704</td>\n",
       "    </tr>\n",
       "    <tr>\n",
       "      <th>4</th>\n",
       "      <td>-18.1915509259259</td>\n",
       "    </tr>\n",
       "    <tr>\n",
       "      <th>5</th>\n",
       "      <td>-18.0989583333333</td>\n",
       "    </tr>\n",
       "    <tr>\n",
       "      <th>6</th>\n",
       "      <td>-17.9832175925926</td>\n",
       "    </tr>\n",
       "    <tr>\n",
       "      <th>7</th>\n",
       "      <td>-17.8443287037037</td>\n",
       "    </tr>\n",
       "    <tr>\n",
       "      <th>8</th>\n",
       "      <td>-17.6822916666667</td>\n",
       "    </tr>\n",
       "    <tr>\n",
       "      <th>9</th>\n",
       "      <td>-17.4971064814815</td>\n",
       "    </tr>\n",
       "    <tr>\n",
       "      <th>10</th>\n",
       "      <td>-17.2887731481481</td>\n",
       "    </tr>\n",
       "    <tr>\n",
       "      <th>11</th>\n",
       "      <td>-17.0572916666667</td>\n",
       "    </tr>\n",
       "    <tr>\n",
       "      <th>12</th>\n",
       "      <td>-16.8026620370370</td>\n",
       "    </tr>\n",
       "    <tr>\n",
       "      <th>13</th>\n",
       "      <td>-16.5248842592593</td>\n",
       "    </tr>\n",
       "    <tr>\n",
       "      <th>14</th>\n",
       "      <td>-16.2239583333333</td>\n",
       "    </tr>\n",
       "    <tr>\n",
       "      <th>15</th>\n",
       "      <td>-15.8998842592593</td>\n",
       "    </tr>\n",
       "    <tr>\n",
       "      <th>16</th>\n",
       "      <td>-15.5526620370370</td>\n",
       "    </tr>\n",
       "    <tr>\n",
       "      <th>17</th>\n",
       "      <td>-15.1822916666667</td>\n",
       "    </tr>\n",
       "    <tr>\n",
       "      <th>18</th>\n",
       "      <td>-14.7887731481482</td>\n",
       "    </tr>\n",
       "    <tr>\n",
       "      <th>19</th>\n",
       "      <td>-14.3721064814815</td>\n",
       "    </tr>\n",
       "    <tr>\n",
       "      <th>20</th>\n",
       "      <td>-13.9322916666667</td>\n",
       "    </tr>\n",
       "  </tbody>\n",
       "</table>\n",
       "</div>"
      ],
      "text/plain": [
       "        значения в узлах\n",
       "index                   \n",
       "1      -18.3304398148148\n",
       "2      -18.3072916666667\n",
       "3      -18.2609953703704\n",
       "4      -18.1915509259259\n",
       "5      -18.0989583333333\n",
       "6      -17.9832175925926\n",
       "7      -17.8443287037037\n",
       "8      -17.6822916666667\n",
       "9      -17.4971064814815\n",
       "10     -17.2887731481481\n",
       "11     -17.0572916666667\n",
       "12     -16.8026620370370\n",
       "13     -16.5248842592593\n",
       "14     -16.2239583333333\n",
       "15     -15.8998842592593\n",
       "16     -15.5526620370370\n",
       "17     -15.1822916666667\n",
       "18     -14.7887731481482\n",
       "19     -14.3721064814815\n",
       "20     -13.9322916666667"
      ]
     },
     "execution_count": 6,
     "metadata": {},
     "output_type": "execute_result"
    }
   ],
   "source": [
    "y_ = []\n",
    "for i in range(n):\n",
    "    y_.append(y.subs(s, x[i]))\n",
    "y_df = pd.DataFrame({\"index\":[i+1 for i in range(n)], \"значения в узлах\":y_})\n",
    "y_df.set_index(\"index\", inplace=True)\n",
    "y_df"
   ]
  },
  {
   "cell_type": "markdown",
   "id": "f46314e4",
   "metadata": {},
   "source": [
    "#### Задаем матрицу F согласно фурмуле $\\newline F = (\\delta^i_j-\\lambda  K^i_j *h)^n_n = (f^i_j)^n_n$"
   ]
  },
  {
   "cell_type": "markdown",
   "id": "3c506d5a",
   "metadata": {},
   "source": [
    "$K(s, \\tau) = \\begin{equation*}\n",
    " \\begin{cases}\n",
    "   s(2 \\frac{N + 7}{N+3} - \\tau), 0\\leq s \\leq \\tau; \\newline\n",
    "   \\tau (2  \\frac{N + 7}{N+3} - s), \\tau \\leq s \\leq \\frac{N + 7}{N+3} \\newline\n",
    " \\end{cases}\n",
    "\\end{equation*}$"
   ]
  },
  {
   "cell_type": "code",
   "execution_count": 7,
   "id": "4bd57236",
   "metadata": {},
   "outputs": [],
   "source": [
    "def K(s, t):\n",
    "    if (s >= 0 and s <= t):\n",
    "        return s*(2 * 10/6 - t)\n",
    "    elif (s >= t and s <= 10/6 + 0.01):\n",
    "        return t*(2 * 10/6 - s)\n",
    "    else:\n",
    "        print(s,\"  \", t)\n",
    "        return 0"
   ]
  },
  {
   "cell_type": "code",
   "execution_count": 8,
   "id": "bf7513ad",
   "metadata": {},
   "outputs": [],
   "source": [
    "import numpy as np\n",
    "E = np.eye(n)"
   ]
  },
  {
   "cell_type": "code",
   "execution_count": 9,
   "id": "60f8489b",
   "metadata": {},
   "outputs": [],
   "source": [
    "F = np.zeros((n, n))\n",
    "for i in range(n):\n",
    "    for j in range(n):\n",
    "        F[i, j] = (E[i, j] - lamda * K(x[i], x[j]) * h)"
   ]
  },
  {
   "cell_type": "code",
   "execution_count": 10,
   "id": "416d1a29",
   "metadata": {},
   "outputs": [
    {
     "data": {
      "text/html": [
       "<div>\n",
       "<style scoped>\n",
       "    .dataframe tbody tr th:only-of-type {\n",
       "        vertical-align: middle;\n",
       "    }\n",
       "\n",
       "    .dataframe tbody tr th {\n",
       "        vertical-align: top;\n",
       "    }\n",
       "\n",
       "    .dataframe thead th {\n",
       "        text-align: right;\n",
       "    }\n",
       "</style>\n",
       "<table border=\"1\" class=\"dataframe\">\n",
       "  <thead>\n",
       "    <tr style=\"text-align: right;\">\n",
       "      <th></th>\n",
       "      <th>1</th>\n",
       "      <th>2</th>\n",
       "      <th>3</th>\n",
       "      <th>4</th>\n",
       "      <th>5</th>\n",
       "      <th>6</th>\n",
       "      <th>7</th>\n",
       "      <th>8</th>\n",
       "      <th>9</th>\n",
       "      <th>10</th>\n",
       "      <th>11</th>\n",
       "      <th>12</th>\n",
       "      <th>13</th>\n",
       "      <th>14</th>\n",
       "      <th>15</th>\n",
       "      <th>16</th>\n",
       "      <th>17</th>\n",
       "      <th>18</th>\n",
       "      <th>19</th>\n",
       "      <th>20</th>\n",
       "    </tr>\n",
       "    <tr>\n",
       "      <th>index</th>\n",
       "      <th></th>\n",
       "      <th></th>\n",
       "      <th></th>\n",
       "      <th></th>\n",
       "      <th></th>\n",
       "      <th></th>\n",
       "      <th></th>\n",
       "      <th></th>\n",
       "      <th></th>\n",
       "      <th></th>\n",
       "      <th></th>\n",
       "      <th></th>\n",
       "      <th></th>\n",
       "      <th></th>\n",
       "      <th></th>\n",
       "      <th></th>\n",
       "      <th></th>\n",
       "      <th></th>\n",
       "      <th></th>\n",
       "      <th></th>\n",
       "    </tr>\n",
       "  </thead>\n",
       "  <tbody>\n",
       "    <tr>\n",
       "      <th>1</th>\n",
       "      <td>0.991428</td>\n",
       "      <td>-0.008355</td>\n",
       "      <td>-0.008138</td>\n",
       "      <td>-0.007921</td>\n",
       "      <td>-0.007704</td>\n",
       "      <td>-0.007487</td>\n",
       "      <td>-0.007270</td>\n",
       "      <td>-0.007053</td>\n",
       "      <td>-0.006836</td>\n",
       "      <td>-0.006619</td>\n",
       "      <td>-0.006402</td>\n",
       "      <td>-0.006185</td>\n",
       "      <td>-0.005968</td>\n",
       "      <td>-0.005751</td>\n",
       "      <td>-0.005534</td>\n",
       "      <td>-0.005317</td>\n",
       "      <td>-0.005100</td>\n",
       "      <td>-0.004883</td>\n",
       "      <td>-0.004666</td>\n",
       "      <td>-0.004449</td>\n",
       "    </tr>\n",
       "    <tr>\n",
       "      <th>2</th>\n",
       "      <td>-0.008355</td>\n",
       "      <td>0.974935</td>\n",
       "      <td>-0.024414</td>\n",
       "      <td>-0.023763</td>\n",
       "      <td>-0.023112</td>\n",
       "      <td>-0.022461</td>\n",
       "      <td>-0.021810</td>\n",
       "      <td>-0.021159</td>\n",
       "      <td>-0.020508</td>\n",
       "      <td>-0.019857</td>\n",
       "      <td>-0.019206</td>\n",
       "      <td>-0.018555</td>\n",
       "      <td>-0.017904</td>\n",
       "      <td>-0.017253</td>\n",
       "      <td>-0.016602</td>\n",
       "      <td>-0.015951</td>\n",
       "      <td>-0.015299</td>\n",
       "      <td>-0.014648</td>\n",
       "      <td>-0.013997</td>\n",
       "      <td>-0.013346</td>\n",
       "    </tr>\n",
       "    <tr>\n",
       "      <th>3</th>\n",
       "      <td>-0.008138</td>\n",
       "      <td>-0.024414</td>\n",
       "      <td>0.959310</td>\n",
       "      <td>-0.039605</td>\n",
       "      <td>-0.038520</td>\n",
       "      <td>-0.037435</td>\n",
       "      <td>-0.036350</td>\n",
       "      <td>-0.035265</td>\n",
       "      <td>-0.034180</td>\n",
       "      <td>-0.033095</td>\n",
       "      <td>-0.032010</td>\n",
       "      <td>-0.030924</td>\n",
       "      <td>-0.029839</td>\n",
       "      <td>-0.028754</td>\n",
       "      <td>-0.027669</td>\n",
       "      <td>-0.026584</td>\n",
       "      <td>-0.025499</td>\n",
       "      <td>-0.024414</td>\n",
       "      <td>-0.023329</td>\n",
       "      <td>-0.022244</td>\n",
       "    </tr>\n",
       "    <tr>\n",
       "      <th>4</th>\n",
       "      <td>-0.007921</td>\n",
       "      <td>-0.023763</td>\n",
       "      <td>-0.039605</td>\n",
       "      <td>0.944553</td>\n",
       "      <td>-0.053928</td>\n",
       "      <td>-0.052409</td>\n",
       "      <td>-0.050890</td>\n",
       "      <td>-0.049371</td>\n",
       "      <td>-0.047852</td>\n",
       "      <td>-0.046332</td>\n",
       "      <td>-0.044813</td>\n",
       "      <td>-0.043294</td>\n",
       "      <td>-0.041775</td>\n",
       "      <td>-0.040256</td>\n",
       "      <td>-0.038737</td>\n",
       "      <td>-0.037218</td>\n",
       "      <td>-0.035699</td>\n",
       "      <td>-0.034180</td>\n",
       "      <td>-0.032661</td>\n",
       "      <td>-0.031141</td>\n",
       "    </tr>\n",
       "    <tr>\n",
       "      <th>5</th>\n",
       "      <td>-0.007704</td>\n",
       "      <td>-0.023112</td>\n",
       "      <td>-0.038520</td>\n",
       "      <td>-0.053928</td>\n",
       "      <td>0.930664</td>\n",
       "      <td>-0.067383</td>\n",
       "      <td>-0.065430</td>\n",
       "      <td>-0.063477</td>\n",
       "      <td>-0.061523</td>\n",
       "      <td>-0.059570</td>\n",
       "      <td>-0.057617</td>\n",
       "      <td>-0.055664</td>\n",
       "      <td>-0.053711</td>\n",
       "      <td>-0.051758</td>\n",
       "      <td>-0.049805</td>\n",
       "      <td>-0.047852</td>\n",
       "      <td>-0.045898</td>\n",
       "      <td>-0.043945</td>\n",
       "      <td>-0.041992</td>\n",
       "      <td>-0.040039</td>\n",
       "    </tr>\n",
       "    <tr>\n",
       "      <th>6</th>\n",
       "      <td>-0.007487</td>\n",
       "      <td>-0.022461</td>\n",
       "      <td>-0.037435</td>\n",
       "      <td>-0.052409</td>\n",
       "      <td>-0.067383</td>\n",
       "      <td>0.917643</td>\n",
       "      <td>-0.079970</td>\n",
       "      <td>-0.077582</td>\n",
       "      <td>-0.075195</td>\n",
       "      <td>-0.072808</td>\n",
       "      <td>-0.070421</td>\n",
       "      <td>-0.068034</td>\n",
       "      <td>-0.065647</td>\n",
       "      <td>-0.063260</td>\n",
       "      <td>-0.060872</td>\n",
       "      <td>-0.058485</td>\n",
       "      <td>-0.056098</td>\n",
       "      <td>-0.053711</td>\n",
       "      <td>-0.051324</td>\n",
       "      <td>-0.048937</td>\n",
       "    </tr>\n",
       "    <tr>\n",
       "      <th>7</th>\n",
       "      <td>-0.007270</td>\n",
       "      <td>-0.021810</td>\n",
       "      <td>-0.036350</td>\n",
       "      <td>-0.050890</td>\n",
       "      <td>-0.065430</td>\n",
       "      <td>-0.079970</td>\n",
       "      <td>0.905490</td>\n",
       "      <td>-0.091688</td>\n",
       "      <td>-0.088867</td>\n",
       "      <td>-0.086046</td>\n",
       "      <td>-0.083225</td>\n",
       "      <td>-0.080404</td>\n",
       "      <td>-0.077582</td>\n",
       "      <td>-0.074761</td>\n",
       "      <td>-0.071940</td>\n",
       "      <td>-0.069119</td>\n",
       "      <td>-0.066298</td>\n",
       "      <td>-0.063477</td>\n",
       "      <td>-0.060655</td>\n",
       "      <td>-0.057834</td>\n",
       "    </tr>\n",
       "    <tr>\n",
       "      <th>8</th>\n",
       "      <td>-0.007053</td>\n",
       "      <td>-0.021159</td>\n",
       "      <td>-0.035265</td>\n",
       "      <td>-0.049371</td>\n",
       "      <td>-0.063477</td>\n",
       "      <td>-0.077582</td>\n",
       "      <td>-0.091688</td>\n",
       "      <td>0.894206</td>\n",
       "      <td>-0.102539</td>\n",
       "      <td>-0.099284</td>\n",
       "      <td>-0.096029</td>\n",
       "      <td>-0.092773</td>\n",
       "      <td>-0.089518</td>\n",
       "      <td>-0.086263</td>\n",
       "      <td>-0.083008</td>\n",
       "      <td>-0.079753</td>\n",
       "      <td>-0.076497</td>\n",
       "      <td>-0.073242</td>\n",
       "      <td>-0.069987</td>\n",
       "      <td>-0.066732</td>\n",
       "    </tr>\n",
       "    <tr>\n",
       "      <th>9</th>\n",
       "      <td>-0.006836</td>\n",
       "      <td>-0.020508</td>\n",
       "      <td>-0.034180</td>\n",
       "      <td>-0.047852</td>\n",
       "      <td>-0.061523</td>\n",
       "      <td>-0.075195</td>\n",
       "      <td>-0.088867</td>\n",
       "      <td>-0.102539</td>\n",
       "      <td>0.883789</td>\n",
       "      <td>-0.112522</td>\n",
       "      <td>-0.108832</td>\n",
       "      <td>-0.105143</td>\n",
       "      <td>-0.101454</td>\n",
       "      <td>-0.097765</td>\n",
       "      <td>-0.094076</td>\n",
       "      <td>-0.090386</td>\n",
       "      <td>-0.086697</td>\n",
       "      <td>-0.083008</td>\n",
       "      <td>-0.079319</td>\n",
       "      <td>-0.075629</td>\n",
       "    </tr>\n",
       "    <tr>\n",
       "      <th>10</th>\n",
       "      <td>-0.006619</td>\n",
       "      <td>-0.019857</td>\n",
       "      <td>-0.033095</td>\n",
       "      <td>-0.046332</td>\n",
       "      <td>-0.059570</td>\n",
       "      <td>-0.072808</td>\n",
       "      <td>-0.086046</td>\n",
       "      <td>-0.099284</td>\n",
       "      <td>-0.112522</td>\n",
       "      <td>0.874240</td>\n",
       "      <td>-0.121636</td>\n",
       "      <td>-0.117513</td>\n",
       "      <td>-0.113390</td>\n",
       "      <td>-0.109266</td>\n",
       "      <td>-0.105143</td>\n",
       "      <td>-0.101020</td>\n",
       "      <td>-0.096897</td>\n",
       "      <td>-0.092773</td>\n",
       "      <td>-0.088650</td>\n",
       "      <td>-0.084527</td>\n",
       "    </tr>\n",
       "    <tr>\n",
       "      <th>11</th>\n",
       "      <td>-0.006402</td>\n",
       "      <td>-0.019206</td>\n",
       "      <td>-0.032010</td>\n",
       "      <td>-0.044813</td>\n",
       "      <td>-0.057617</td>\n",
       "      <td>-0.070421</td>\n",
       "      <td>-0.083225</td>\n",
       "      <td>-0.096029</td>\n",
       "      <td>-0.108832</td>\n",
       "      <td>-0.121636</td>\n",
       "      <td>0.865560</td>\n",
       "      <td>-0.129883</td>\n",
       "      <td>-0.125326</td>\n",
       "      <td>-0.120768</td>\n",
       "      <td>-0.116211</td>\n",
       "      <td>-0.111654</td>\n",
       "      <td>-0.107096</td>\n",
       "      <td>-0.102539</td>\n",
       "      <td>-0.097982</td>\n",
       "      <td>-0.093424</td>\n",
       "    </tr>\n",
       "    <tr>\n",
       "      <th>12</th>\n",
       "      <td>-0.006185</td>\n",
       "      <td>-0.018555</td>\n",
       "      <td>-0.030924</td>\n",
       "      <td>-0.043294</td>\n",
       "      <td>-0.055664</td>\n",
       "      <td>-0.068034</td>\n",
       "      <td>-0.080404</td>\n",
       "      <td>-0.092773</td>\n",
       "      <td>-0.105143</td>\n",
       "      <td>-0.117513</td>\n",
       "      <td>-0.129883</td>\n",
       "      <td>0.857747</td>\n",
       "      <td>-0.137261</td>\n",
       "      <td>-0.132270</td>\n",
       "      <td>-0.127279</td>\n",
       "      <td>-0.122287</td>\n",
       "      <td>-0.117296</td>\n",
       "      <td>-0.112305</td>\n",
       "      <td>-0.107313</td>\n",
       "      <td>-0.102322</td>\n",
       "    </tr>\n",
       "    <tr>\n",
       "      <th>13</th>\n",
       "      <td>-0.005968</td>\n",
       "      <td>-0.017904</td>\n",
       "      <td>-0.029839</td>\n",
       "      <td>-0.041775</td>\n",
       "      <td>-0.053711</td>\n",
       "      <td>-0.065647</td>\n",
       "      <td>-0.077582</td>\n",
       "      <td>-0.089518</td>\n",
       "      <td>-0.101454</td>\n",
       "      <td>-0.113390</td>\n",
       "      <td>-0.125326</td>\n",
       "      <td>-0.137261</td>\n",
       "      <td>0.850803</td>\n",
       "      <td>-0.143772</td>\n",
       "      <td>-0.138346</td>\n",
       "      <td>-0.132921</td>\n",
       "      <td>-0.127496</td>\n",
       "      <td>-0.122070</td>\n",
       "      <td>-0.116645</td>\n",
       "      <td>-0.111220</td>\n",
       "    </tr>\n",
       "    <tr>\n",
       "      <th>14</th>\n",
       "      <td>-0.005751</td>\n",
       "      <td>-0.017253</td>\n",
       "      <td>-0.028754</td>\n",
       "      <td>-0.040256</td>\n",
       "      <td>-0.051758</td>\n",
       "      <td>-0.063260</td>\n",
       "      <td>-0.074761</td>\n",
       "      <td>-0.086263</td>\n",
       "      <td>-0.097765</td>\n",
       "      <td>-0.109266</td>\n",
       "      <td>-0.120768</td>\n",
       "      <td>-0.132270</td>\n",
       "      <td>-0.143772</td>\n",
       "      <td>0.844727</td>\n",
       "      <td>-0.149414</td>\n",
       "      <td>-0.143555</td>\n",
       "      <td>-0.137695</td>\n",
       "      <td>-0.131836</td>\n",
       "      <td>-0.125977</td>\n",
       "      <td>-0.120117</td>\n",
       "    </tr>\n",
       "    <tr>\n",
       "      <th>15</th>\n",
       "      <td>-0.005534</td>\n",
       "      <td>-0.016602</td>\n",
       "      <td>-0.027669</td>\n",
       "      <td>-0.038737</td>\n",
       "      <td>-0.049805</td>\n",
       "      <td>-0.060872</td>\n",
       "      <td>-0.071940</td>\n",
       "      <td>-0.083008</td>\n",
       "      <td>-0.094076</td>\n",
       "      <td>-0.105143</td>\n",
       "      <td>-0.116211</td>\n",
       "      <td>-0.127279</td>\n",
       "      <td>-0.138346</td>\n",
       "      <td>-0.149414</td>\n",
       "      <td>0.839518</td>\n",
       "      <td>-0.154188</td>\n",
       "      <td>-0.147895</td>\n",
       "      <td>-0.141602</td>\n",
       "      <td>-0.135308</td>\n",
       "      <td>-0.129015</td>\n",
       "    </tr>\n",
       "    <tr>\n",
       "      <th>16</th>\n",
       "      <td>-0.005317</td>\n",
       "      <td>-0.015951</td>\n",
       "      <td>-0.026584</td>\n",
       "      <td>-0.037218</td>\n",
       "      <td>-0.047852</td>\n",
       "      <td>-0.058485</td>\n",
       "      <td>-0.069119</td>\n",
       "      <td>-0.079753</td>\n",
       "      <td>-0.090386</td>\n",
       "      <td>-0.101020</td>\n",
       "      <td>-0.111654</td>\n",
       "      <td>-0.122287</td>\n",
       "      <td>-0.132921</td>\n",
       "      <td>-0.143555</td>\n",
       "      <td>-0.154188</td>\n",
       "      <td>0.835178</td>\n",
       "      <td>-0.158095</td>\n",
       "      <td>-0.151367</td>\n",
       "      <td>-0.144640</td>\n",
       "      <td>-0.137912</td>\n",
       "    </tr>\n",
       "    <tr>\n",
       "      <th>17</th>\n",
       "      <td>-0.005100</td>\n",
       "      <td>-0.015299</td>\n",
       "      <td>-0.025499</td>\n",
       "      <td>-0.035699</td>\n",
       "      <td>-0.045898</td>\n",
       "      <td>-0.056098</td>\n",
       "      <td>-0.066298</td>\n",
       "      <td>-0.076497</td>\n",
       "      <td>-0.086697</td>\n",
       "      <td>-0.096897</td>\n",
       "      <td>-0.107096</td>\n",
       "      <td>-0.117296</td>\n",
       "      <td>-0.127496</td>\n",
       "      <td>-0.137695</td>\n",
       "      <td>-0.147895</td>\n",
       "      <td>-0.158095</td>\n",
       "      <td>0.831706</td>\n",
       "      <td>-0.161133</td>\n",
       "      <td>-0.153971</td>\n",
       "      <td>-0.146810</td>\n",
       "    </tr>\n",
       "    <tr>\n",
       "      <th>18</th>\n",
       "      <td>-0.004883</td>\n",
       "      <td>-0.014648</td>\n",
       "      <td>-0.024414</td>\n",
       "      <td>-0.034180</td>\n",
       "      <td>-0.043945</td>\n",
       "      <td>-0.053711</td>\n",
       "      <td>-0.063477</td>\n",
       "      <td>-0.073242</td>\n",
       "      <td>-0.083008</td>\n",
       "      <td>-0.092773</td>\n",
       "      <td>-0.102539</td>\n",
       "      <td>-0.112305</td>\n",
       "      <td>-0.122070</td>\n",
       "      <td>-0.131836</td>\n",
       "      <td>-0.141602</td>\n",
       "      <td>-0.151367</td>\n",
       "      <td>-0.161133</td>\n",
       "      <td>0.829102</td>\n",
       "      <td>-0.163303</td>\n",
       "      <td>-0.155707</td>\n",
       "    </tr>\n",
       "    <tr>\n",
       "      <th>19</th>\n",
       "      <td>-0.004666</td>\n",
       "      <td>-0.013997</td>\n",
       "      <td>-0.023329</td>\n",
       "      <td>-0.032661</td>\n",
       "      <td>-0.041992</td>\n",
       "      <td>-0.051324</td>\n",
       "      <td>-0.060655</td>\n",
       "      <td>-0.069987</td>\n",
       "      <td>-0.079319</td>\n",
       "      <td>-0.088650</td>\n",
       "      <td>-0.097982</td>\n",
       "      <td>-0.107313</td>\n",
       "      <td>-0.116645</td>\n",
       "      <td>-0.125977</td>\n",
       "      <td>-0.135308</td>\n",
       "      <td>-0.144640</td>\n",
       "      <td>-0.153971</td>\n",
       "      <td>-0.163303</td>\n",
       "      <td>0.827365</td>\n",
       "      <td>-0.164605</td>\n",
       "    </tr>\n",
       "    <tr>\n",
       "      <th>20</th>\n",
       "      <td>-0.004449</td>\n",
       "      <td>-0.013346</td>\n",
       "      <td>-0.022244</td>\n",
       "      <td>-0.031141</td>\n",
       "      <td>-0.040039</td>\n",
       "      <td>-0.048937</td>\n",
       "      <td>-0.057834</td>\n",
       "      <td>-0.066732</td>\n",
       "      <td>-0.075629</td>\n",
       "      <td>-0.084527</td>\n",
       "      <td>-0.093424</td>\n",
       "      <td>-0.102322</td>\n",
       "      <td>-0.111220</td>\n",
       "      <td>-0.120117</td>\n",
       "      <td>-0.129015</td>\n",
       "      <td>-0.137912</td>\n",
       "      <td>-0.146810</td>\n",
       "      <td>-0.155707</td>\n",
       "      <td>-0.164605</td>\n",
       "      <td>0.826497</td>\n",
       "    </tr>\n",
       "  </tbody>\n",
       "</table>\n",
       "</div>"
      ],
      "text/plain": [
       "             1         2         3         4         5         6         7   \\\n",
       "index                                                                         \n",
       "1      0.991428 -0.008355 -0.008138 -0.007921 -0.007704 -0.007487 -0.007270   \n",
       "2     -0.008355  0.974935 -0.024414 -0.023763 -0.023112 -0.022461 -0.021810   \n",
       "3     -0.008138 -0.024414  0.959310 -0.039605 -0.038520 -0.037435 -0.036350   \n",
       "4     -0.007921 -0.023763 -0.039605  0.944553 -0.053928 -0.052409 -0.050890   \n",
       "5     -0.007704 -0.023112 -0.038520 -0.053928  0.930664 -0.067383 -0.065430   \n",
       "6     -0.007487 -0.022461 -0.037435 -0.052409 -0.067383  0.917643 -0.079970   \n",
       "7     -0.007270 -0.021810 -0.036350 -0.050890 -0.065430 -0.079970  0.905490   \n",
       "8     -0.007053 -0.021159 -0.035265 -0.049371 -0.063477 -0.077582 -0.091688   \n",
       "9     -0.006836 -0.020508 -0.034180 -0.047852 -0.061523 -0.075195 -0.088867   \n",
       "10    -0.006619 -0.019857 -0.033095 -0.046332 -0.059570 -0.072808 -0.086046   \n",
       "11    -0.006402 -0.019206 -0.032010 -0.044813 -0.057617 -0.070421 -0.083225   \n",
       "12    -0.006185 -0.018555 -0.030924 -0.043294 -0.055664 -0.068034 -0.080404   \n",
       "13    -0.005968 -0.017904 -0.029839 -0.041775 -0.053711 -0.065647 -0.077582   \n",
       "14    -0.005751 -0.017253 -0.028754 -0.040256 -0.051758 -0.063260 -0.074761   \n",
       "15    -0.005534 -0.016602 -0.027669 -0.038737 -0.049805 -0.060872 -0.071940   \n",
       "16    -0.005317 -0.015951 -0.026584 -0.037218 -0.047852 -0.058485 -0.069119   \n",
       "17    -0.005100 -0.015299 -0.025499 -0.035699 -0.045898 -0.056098 -0.066298   \n",
       "18    -0.004883 -0.014648 -0.024414 -0.034180 -0.043945 -0.053711 -0.063477   \n",
       "19    -0.004666 -0.013997 -0.023329 -0.032661 -0.041992 -0.051324 -0.060655   \n",
       "20    -0.004449 -0.013346 -0.022244 -0.031141 -0.040039 -0.048937 -0.057834   \n",
       "\n",
       "             8         9         10        11        12        13        14  \\\n",
       "index                                                                         \n",
       "1     -0.007053 -0.006836 -0.006619 -0.006402 -0.006185 -0.005968 -0.005751   \n",
       "2     -0.021159 -0.020508 -0.019857 -0.019206 -0.018555 -0.017904 -0.017253   \n",
       "3     -0.035265 -0.034180 -0.033095 -0.032010 -0.030924 -0.029839 -0.028754   \n",
       "4     -0.049371 -0.047852 -0.046332 -0.044813 -0.043294 -0.041775 -0.040256   \n",
       "5     -0.063477 -0.061523 -0.059570 -0.057617 -0.055664 -0.053711 -0.051758   \n",
       "6     -0.077582 -0.075195 -0.072808 -0.070421 -0.068034 -0.065647 -0.063260   \n",
       "7     -0.091688 -0.088867 -0.086046 -0.083225 -0.080404 -0.077582 -0.074761   \n",
       "8      0.894206 -0.102539 -0.099284 -0.096029 -0.092773 -0.089518 -0.086263   \n",
       "9     -0.102539  0.883789 -0.112522 -0.108832 -0.105143 -0.101454 -0.097765   \n",
       "10    -0.099284 -0.112522  0.874240 -0.121636 -0.117513 -0.113390 -0.109266   \n",
       "11    -0.096029 -0.108832 -0.121636  0.865560 -0.129883 -0.125326 -0.120768   \n",
       "12    -0.092773 -0.105143 -0.117513 -0.129883  0.857747 -0.137261 -0.132270   \n",
       "13    -0.089518 -0.101454 -0.113390 -0.125326 -0.137261  0.850803 -0.143772   \n",
       "14    -0.086263 -0.097765 -0.109266 -0.120768 -0.132270 -0.143772  0.844727   \n",
       "15    -0.083008 -0.094076 -0.105143 -0.116211 -0.127279 -0.138346 -0.149414   \n",
       "16    -0.079753 -0.090386 -0.101020 -0.111654 -0.122287 -0.132921 -0.143555   \n",
       "17    -0.076497 -0.086697 -0.096897 -0.107096 -0.117296 -0.127496 -0.137695   \n",
       "18    -0.073242 -0.083008 -0.092773 -0.102539 -0.112305 -0.122070 -0.131836   \n",
       "19    -0.069987 -0.079319 -0.088650 -0.097982 -0.107313 -0.116645 -0.125977   \n",
       "20    -0.066732 -0.075629 -0.084527 -0.093424 -0.102322 -0.111220 -0.120117   \n",
       "\n",
       "             15        16        17        18        19        20  \n",
       "index                                                              \n",
       "1     -0.005534 -0.005317 -0.005100 -0.004883 -0.004666 -0.004449  \n",
       "2     -0.016602 -0.015951 -0.015299 -0.014648 -0.013997 -0.013346  \n",
       "3     -0.027669 -0.026584 -0.025499 -0.024414 -0.023329 -0.022244  \n",
       "4     -0.038737 -0.037218 -0.035699 -0.034180 -0.032661 -0.031141  \n",
       "5     -0.049805 -0.047852 -0.045898 -0.043945 -0.041992 -0.040039  \n",
       "6     -0.060872 -0.058485 -0.056098 -0.053711 -0.051324 -0.048937  \n",
       "7     -0.071940 -0.069119 -0.066298 -0.063477 -0.060655 -0.057834  \n",
       "8     -0.083008 -0.079753 -0.076497 -0.073242 -0.069987 -0.066732  \n",
       "9     -0.094076 -0.090386 -0.086697 -0.083008 -0.079319 -0.075629  \n",
       "10    -0.105143 -0.101020 -0.096897 -0.092773 -0.088650 -0.084527  \n",
       "11    -0.116211 -0.111654 -0.107096 -0.102539 -0.097982 -0.093424  \n",
       "12    -0.127279 -0.122287 -0.117296 -0.112305 -0.107313 -0.102322  \n",
       "13    -0.138346 -0.132921 -0.127496 -0.122070 -0.116645 -0.111220  \n",
       "14    -0.149414 -0.143555 -0.137695 -0.131836 -0.125977 -0.120117  \n",
       "15     0.839518 -0.154188 -0.147895 -0.141602 -0.135308 -0.129015  \n",
       "16    -0.154188  0.835178 -0.158095 -0.151367 -0.144640 -0.137912  \n",
       "17    -0.147895 -0.158095  0.831706 -0.161133 -0.153971 -0.146810  \n",
       "18    -0.141602 -0.151367 -0.161133  0.829102 -0.163303 -0.155707  \n",
       "19    -0.135308 -0.144640 -0.153971 -0.163303  0.827365 -0.164605  \n",
       "20    -0.129015 -0.137912 -0.146810 -0.155707 -0.164605  0.826497  "
      ]
     },
     "execution_count": 10,
     "metadata": {},
     "output_type": "execute_result"
    }
   ],
   "source": [
    "F_df = pd.DataFrame()\n",
    "F_df[\"index\"] = [i+1 for i in range(n)]\n",
    "for i in range(n):\n",
    "    F_df[i+1] = F[i]\n",
    "F_df.set_index(\"index\", inplace=True)\n",
    "F_df"
   ]
  },
  {
   "cell_type": "markdown",
   "id": "880177a7",
   "metadata": {},
   "source": [
    "#### Найдем обратную матрицу F"
   ]
  },
  {
   "cell_type": "code",
   "execution_count": 11,
   "id": "13b64db7",
   "metadata": {},
   "outputs": [
    {
     "data": {
      "text/html": [
       "<div>\n",
       "<style scoped>\n",
       "    .dataframe tbody tr th:only-of-type {\n",
       "        vertical-align: middle;\n",
       "    }\n",
       "\n",
       "    .dataframe tbody tr th {\n",
       "        vertical-align: top;\n",
       "    }\n",
       "\n",
       "    .dataframe thead th {\n",
       "        text-align: right;\n",
       "    }\n",
       "</style>\n",
       "<table border=\"1\" class=\"dataframe\">\n",
       "  <thead>\n",
       "    <tr style=\"text-align: right;\">\n",
       "      <th></th>\n",
       "      <th>1</th>\n",
       "      <th>2</th>\n",
       "      <th>3</th>\n",
       "      <th>4</th>\n",
       "      <th>5</th>\n",
       "      <th>6</th>\n",
       "      <th>7</th>\n",
       "      <th>8</th>\n",
       "      <th>9</th>\n",
       "      <th>10</th>\n",
       "      <th>11</th>\n",
       "      <th>12</th>\n",
       "      <th>13</th>\n",
       "      <th>14</th>\n",
       "      <th>15</th>\n",
       "      <th>16</th>\n",
       "      <th>17</th>\n",
       "      <th>18</th>\n",
       "      <th>19</th>\n",
       "      <th>20</th>\n",
       "    </tr>\n",
       "    <tr>\n",
       "      <th>index</th>\n",
       "      <th></th>\n",
       "      <th></th>\n",
       "      <th></th>\n",
       "      <th></th>\n",
       "      <th></th>\n",
       "      <th></th>\n",
       "      <th></th>\n",
       "      <th></th>\n",
       "      <th></th>\n",
       "      <th></th>\n",
       "      <th></th>\n",
       "      <th></th>\n",
       "      <th></th>\n",
       "      <th></th>\n",
       "      <th></th>\n",
       "      <th></th>\n",
       "      <th></th>\n",
       "      <th></th>\n",
       "      <th></th>\n",
       "      <th></th>\n",
       "    </tr>\n",
       "  </thead>\n",
       "  <tbody>\n",
       "    <tr>\n",
       "      <th>1</th>\n",
       "      <td>1.008006</td>\n",
       "      <td>0.006518</td>\n",
       "      <td>0.004917</td>\n",
       "      <td>0.003231</td>\n",
       "      <td>0.001488</td>\n",
       "      <td>-0.000280</td>\n",
       "      <td>-0.002043</td>\n",
       "      <td>-0.003771</td>\n",
       "      <td>-0.005434</td>\n",
       "      <td>-0.007002</td>\n",
       "      <td>-0.008449</td>\n",
       "      <td>-0.009749</td>\n",
       "      <td>-0.010879</td>\n",
       "      <td>-0.011821</td>\n",
       "      <td>-0.012558</td>\n",
       "      <td>-0.013076</td>\n",
       "      <td>-0.013368</td>\n",
       "      <td>-0.013427</td>\n",
       "      <td>-0.013254</td>\n",
       "      <td>-0.012850</td>\n",
       "    </tr>\n",
       "    <tr>\n",
       "      <th>2</th>\n",
       "      <td>0.006518</td>\n",
       "      <td>1.019442</td>\n",
       "      <td>0.014666</td>\n",
       "      <td>0.009637</td>\n",
       "      <td>0.004439</td>\n",
       "      <td>-0.000835</td>\n",
       "      <td>-0.006095</td>\n",
       "      <td>-0.011248</td>\n",
       "      <td>-0.016207</td>\n",
       "      <td>-0.020884</td>\n",
       "      <td>-0.025199</td>\n",
       "      <td>-0.029076</td>\n",
       "      <td>-0.032449</td>\n",
       "      <td>-0.035258</td>\n",
       "      <td>-0.037455</td>\n",
       "      <td>-0.039001</td>\n",
       "      <td>-0.039871</td>\n",
       "      <td>-0.040048</td>\n",
