{
 "cells": [
  {
   "cell_type": "code",
   "execution_count": 3,
   "id": "f54066b5",
   "metadata": {},
   "outputs": [],
   "source": [
    "import numpy as np\n",
    "import math \n",
    "beta = 1+0.15*(51-51)\n",
    "e = 0.005"
   ]
  },
  {
   "cell_type": "code",
   "execution_count": 10,
   "id": "12860601",
   "metadata": {},
   "outputs": [
    {
     "name": "stdout",
     "output_type": "stream",
     "text": [
      "A:\n",
      " [[ 9.7 -1.   2.   3. ]\n",
      " [-1.   9.7  3.   2. ]\n",
      " [ 2.   3.   9.7  1. ]\n",
      " [ 3.   2.   1.   9.7]]\n"
     ]
    }
   ],
   "source": [
    "A = np.array([[9.7,          -1.0,        2.0,          3.0  ],\n",
    "             [-1.0,          9.7,       3.0,         2.0  ],\n",
    "             [2.0,          3.0,        9.7,         1.0  ],\n",
    "             [3.0,           2.0,       1.0,          9.7  ]])\n",
    "print(\"A:\\n\", A)"
   ]
  },
  {
   "cell_type": "code",
   "execution_count": 11,
   "id": "ac5cfa3d",
   "metadata": {},
   "outputs": [],
   "source": [
    "def return_max(A):\n",
    "    max_  = -100\n",
    "    row = -1\n",
    "    col = -1\n",
    "    for i in range(0, 4):\n",
    "        for j in range(0, 4):\n",
    "            if i < j:\n",
    "                if abs(A[i][j]) > max_:\n",
    "                    max_ = abs(A[i][j])\n",
    "                    row = i\n",
    "                    col = j\n",
    "    return row, col, max_"
   ]
  },
  {
   "cell_type": "code",
   "execution_count": 12,
   "id": "e6d1a916",
   "metadata": {},
   "outputs": [],
   "source": [
    "def arcctg(x):\n",
    "    if x == 0:\n",
    "        return np.pi/2\n",
    "    return np.arctan(1/x)"
   ]
  },
  {
   "cell_type": "code",
   "execution_count": 15,
   "id": "427198e3",
   "metadata": {},
   "outputs": [
    {
     "name": "stdout",
     "output_type": "stream",
     "text": [
      "max = 3.0 i, j = 0 3\n",
      "Phi = 0.7853981633974483\n",
      "cos =  0.7071067811865476\n",
      "sin =  0.7071067811865476\n",
      "Q:\n",
      " [[ 0.70710678  0.          0.         -0.70710678]\n",
      " [ 0.          1.          0.          0.        ]\n",
      " [ 0.          0.          1.          0.        ]\n",
      " [ 0.70710678  0.          0.          0.70710678]]\n",
      "Q транспонированная:\n",
      " [[ 0.70710678  0.          0.          0.70710678]\n",
      " [ 0.          1.          0.          0.        ]\n",
      " [ 0.          0.          1.          0.        ]\n",
      " [-0.70710678  0.          0.          0.70710678]]\n",
      "A[1]:\n",
      "[[12.7         0.70710678  2.12132034  0.        ]\n",
      " [ 0.70710678  9.7         3.          2.12132034]\n",
      " [ 2.12132034  3.          9.7        -0.70710678]\n",
      " [ 0.          2.12132034 -0.70710678  6.7       ]]\n",
      "A[1]:\n",
      "[[12.7         0.70710678  2.12132034  0.        ]\n",
      " [ 0.70710678  9.7         3.          2.12132034]\n",
      " [ 2.12132034  3.          9.7        -0.70710678]\n",
      " [ 0.          2.12132034 -0.70710678  6.7       ]]\n",
      "max = 3.0 i, j = 1 2\n",
      "Phi = 0.7853981633974483\n",
      "cos =  0.7071067811865476\n",
      "sin =  0.7071067811865476\n",
      "Q:\n",
      " [[ 1.          0.          0.          0.        ]\n",
      " [ 0.          0.70710678 -0.70710678  0.        ]\n",
      " [ 0.          0.70710678  0.70710678  0.        ]\n",
      " [ 0.          0.          0.          1.        ]]\n",
      "Q транспонированная:\n",
      " [[ 1.          0.          0.          0.        ]\n",
      " [ 0.          0.70710678  0.70710678  0.        ]\n",
      " [ 0.         -0.70710678  0.70710678  0.        ]\n",
      " [ 0.          0.          0.          1.        ]]\n",
      "A[2]:\n",
      "[[12.7  2.   1.   0. ]\n",
      " [ 2.  12.7  0.   1. ]\n",
      " [ 1.   0.   6.7 -2. ]\n",
      " [ 0.   1.  -2.   6.7]]\n",
      "A[2]:\n",
      "[[12.7  2.   1.   0. ]\n",
      " [ 2.  12.7  0.   1. ]\n",
      " [ 1.   0.   6.7 -2. ]\n",
      " [ 0.   1.  -2.   6.7]]\n",
      "max = 2.0000000000000004 i, j = 0 1\n",
      "Phi = 0.7853981633974483\n",
      "cos =  0.7071067811865476\n",
      "sin =  0.7071067811865476\n",
      "Q:\n",
      " [[ 0.70710678 -0.70710678  0.          0.        ]\n",
      " [ 0.70710678  0.70710678  0.          0.        ]\n",
      " [ 0.          0.          1.          0.        ]\n",
      " [ 0.          0.          0.          1.        ]]\n",
      "Q транспонированная:\n",
      " [[ 0.70710678  0.70710678  0.          0.        ]\n",
      " [-0.70710678  0.70710678  0.          0.        ]\n",
      " [ 0.          0.          1.          0.        ]\n",
      " [ 0.          0.          0.          1.        ]]\n",
      "A[3]:\n",
      "[[14.7         0.          0.70710678  0.70710678]\n",
      " [ 0.         10.7        -0.70710678  0.70710678]\n",
      " [ 0.70710678 -0.70710678  6.7        -2.        ]\n",
      " [ 0.70710678  0.70710678 -2.          6.7       ]]\n",
      "A[3]:\n",
      "[[14.7         0.          0.70710678  0.70710678]\n",
      " [ 0.         10.7        -0.70710678  0.70710678]\n",
      " [ 0.70710678 -0.70710678  6.7        -2.        ]\n",
      " [ 0.70710678  0.70710678 -2.          6.7       ]]\n",
      "max = 2.0000000000000004 i, j = 2 3\n",
      "Phi = 0.7853981633974483\n",
      "cos =  0.7071067811865476\n",
      "sin =  0.7071067811865476\n",
      "Q:\n",
      " [[ 1.          0.          0.          0.        ]\n",
      " [ 0.          1.          0.          0.        ]\n",
      " [ 0.          0.          0.70710678 -0.70710678]\n",
      " [ 0.          0.          0.70710678  0.70710678]]\n",
      "Q транспонированная:\n",
      " [[ 1.          0.          0.          0.        ]\n",
      " [ 0.          1.          0.          0.        ]\n",
      " [ 0.          0.          0.70710678  0.70710678]\n",
      " [ 0.          0.         -0.70710678  0.70710678]]\n",
      "A[4]:\n",
      "[[14.7  0.   1.   0. ]\n",
      " [ 0.  10.7  0.   1. ]\n",
      " [ 1.   0.   4.7  0. ]\n",
      " [ 0.   1.   0.   8.7]]\n",
      "A[4]:\n",
      "[[14.7  0.   1.   0. ]\n",
      " [ 0.  10.7  0.   1. ]\n",
      " [ 1.   0.   4.7  0. ]\n",
      " [ 0.   1.   0.   8.7]]\n",
      "max = 1.0000000000000002 i, j = 0 2\n",
      "Phi = 0.09869777992494033\n",
      "cos =  0.9951333266680702\n",
      "sin =  0.09853761796664212\n",
      "Q:\n",
      " [[ 0.99513333  0.         -0.09853762  0.        ]\n",
      " [ 0.          1.          0.          0.        ]\n",
      " [ 0.09853762  0.          0.99513333  0.        ]\n",
      " [ 0.          0.          0.          1.        ]]\n",
      "Q транспонированная:\n",
      " [[ 0.99513333  0.          0.09853762  0.        ]\n",
      " [ 0.          1.          0.          0.        ]\n",
      " [-0.09853762  0.          0.99513333  0.        ]\n",
      " [ 0.          0.          0.          1.        ]]\n",
      "A[5]:\n",
      "[[1.47990195e+01 0.00000000e+00 8.15752548e-17 0.00000000e+00]\n",
      " [0.00000000e+00 1.07000000e+01 0.00000000e+00 1.00000000e+00]\n",
      " [1.17069937e-16 0.00000000e+00 4.60098049e+00 0.00000000e+00]\n",
      " [0.00000000e+00 1.00000000e+00 0.00000000e+00 8.70000000e+00]]\n",
      "A[5]:\n",
      "[[1.47990195e+01 0.00000000e+00 8.15752548e-17 0.00000000e+00]\n",
      " [0.00000000e+00 1.07000000e+01 0.00000000e+00 1.00000000e+00]\n",
      " [1.17069937e-16 0.00000000e+00 4.60098049e+00 0.00000000e+00]\n",
      " [0.00000000e+00 1.00000000e+00 0.00000000e+00 8.70000000e+00]]\n",
      "max = 1.0000000000000002 i, j = 1 3\n",
      "Phi = 0.392699081698724\n",
      "cos =  0.9238795325112868\n",
      "sin =  0.3826834323650896\n",
      "Q:\n",
      " [[ 1.          0.          0.          0.        ]\n",
      " [ 0.          0.92387953  0.         -0.38268343]\n",
      " [ 0.          0.          1.          0.        ]\n",
      " [ 0.          0.38268343  0.          0.92387953]]\n",
      "Q транспонированная:\n",
      " [[ 1.          0.          0.          0.        ]\n",
      " [ 0.          0.92387953  0.          0.38268343]\n",
      " [ 0.          0.          1.          0.        ]\n",
      " [ 0.         -0.38268343  0.          0.92387953]]\n",
      "A[6]:\n",
      "[[ 1.47990195e+01  0.00000000e+00  8.15752548e-17  0.00000000e+00]\n",
      " [ 0.00000000e+00  1.11142136e+01  0.00000000e+00  2.52982133e-16]\n",
      " [ 1.17069937e-16  0.00000000e+00  4.60098049e+00  0.00000000e+00]\n",
      " [ 0.00000000e+00 -7.91557043e-17  0.00000000e+00  8.28578644e+00]]\n",
      "A[6]:\n",
      "[[ 1.47990195e+01  0.00000000e+00  8.15752548e-17  0.00000000e+00]\n",
      " [ 0.00000000e+00  1.11142136e+01  0.00000000e+00  2.52982133e-16]\n",
      " [ 1.17069937e-16  0.00000000e+00  4.60098049e+00  0.00000000e+00]\n",
      " [ 0.00000000e+00 -7.91557043e-17  0.00000000e+00  8.28578644e+00]]\n",
      "max < e\n"
     ]
    }
   ],
   "source": [
    "A_array = [A]\n",
    "Q_array = []\n",
    "for i in range(8):\n",
    "    diag_elem = np.diagonal(A_array[i])\n",
    "    n, m, max_= return_max(A_array[i])\n",
    "    if max_ < e:\n",
    "        print(\"max < e\")\n",
    "        break\n",
    "    print(\"max =\", max_, \"i, j =\", n, m)\n",
    "    phi = 1/2 * (math.pi/2 - math.atan((A_array[i][n, n] - A_array[i][m, m])/(2 * A_array[i][n, m])))\n",
    "    print(\"Phi =\", phi)\n",
    "    sin = np.sin(phi)\n",
    "    cos = np.cos(phi)\n",
    "    Q = np.eye(4)\n",
    "    Q[n, n] = cos\n",
    "    Q[n, m] = -sin\n",
    "    Q[m, n] = sin\n",
    "    Q[m, m] = cos\n",
    "    Q_array.append(Q)\n",
    "    print(\"cos = \", cos)\n",
    "    print(\"sin = \", sin)\n",
    "    print(\"Q:\\n\", Q)\n",
    "    QT = np.transpose(Q)\n",
    "    print(\"Q транспонированная:\\n\", QT)\n",
    "    temp = QT.dot(A_array[i])\n",
    "    temp2 = temp.dot(Q)\n",
    "    A_array.append(temp2)\n",
    "    print(\"A[\", i + 1, \"]:\\n\", np.around(A_array[i+1], decimals = 25), sep=\"\")\n",
    "    print(\"A[\", i + 1, \"]:\\n\", A_array[i+1], sep=\"\")"
   ]
  },
  {
   "cell_type": "code",
   "execution_count": 13,
   "id": "7e7ba977",
   "metadata": {},
   "outputs": [],
   "source": [
    "def Jacobi(A0, eps):\n",
    "    Q_Res = np.eye(4)\n",
    "    k=0\n",
    "    row, col, max_e = return_max(A0)\n",
    "    while max_e > eps:\n",
    "        phi = 1/2 * arcctg((A0[col][col] - A0[row][row])/(2 * A0[col][row]))\n",
    "        Q = np.eye(4)\n",
    "        Q[col][col] = np.cos(phi)\n",
    "        Q[col][row] = -np.sin(phi)\n",
    "        Q[row][col] = np.sin(phi)\n",
    "        Q[row][row] = np.cos(phi)\n",
    "        A0 = Q.T.dot(A0).dot(Q)\n",
    "        row, col, max_e = return_max(A0)\n",
    "        Q_Res = Q_Res.dot(Q)\n",
    "        k += 1\n",
    "        print(\"k=\", k, \"\\n\", \"Q_k = \", Q, \"\\n\\n\", \"Ak = \", A0, \"\\n\\n\")\n",
    "    return A0, Q_Res"
   ]
  },
  {
   "cell_type": "code",
   "execution_count": 14,
   "id": "ea7f1935",
   "metadata": {},
   "outputs": [
    {
     "name": "stdout",
     "output_type": "stream",
     "text": [
      "k= 1 \n",
      " Q_k =  [[ 0.70710678  0.          0.          0.70710678]\n",
      " [ 0.          1.          0.          0.        ]\n",
      " [ 0.          0.          1.          0.        ]\n",
      " [-0.70710678  0.          0.          0.70710678]] \n",
      "\n",
      " Ak =  [[ 6.7        -2.12132034  0.70710678  0.        ]\n",
      " [-2.12132034  9.7         3.          0.70710678]\n",
      " [ 0.70710678  3.          9.7         2.12132034]\n",
      " [ 0.          0.70710678  2.12132034 12.7       ]] \n",
      "\n",
      "\n",
      "k= 2 \n",
      " Q_k =  [[ 1.          0.          0.          0.        ]\n",
      " [ 0.          0.70710678  0.70710678  0.        ]\n",
      " [ 0.         -0.70710678  0.70710678  0.        ]\n",
      " [ 0.          0.          0.          1.        ]] \n",
      "\n",
      " Ak =  [[ 6.7 -2.  -1.   0. ]\n",
      " [-2.   6.7  0.  -1. ]\n",
      " [-1.   0.  12.7  2. ]\n",
      " [ 0.  -1.   2.  12.7]] \n",
      "\n",
      "\n",
      "k= 3 \n",
      " Q_k =  [[ 0.70710678  0.70710678  0.          0.        ]\n",
      " [-0.70710678  0.70710678  0.          0.        ]\n",
      " [ 0.          0.          1.          0.        ]\n",
      " [ 0.          0.          0.          1.        ]] \n",
      "\n",
      " Ak =  [[ 8.7         0.         -0.70710678  0.70710678]\n",
      " [ 0.          4.7        -0.70710678 -0.70710678]\n",
      " [-0.70710678 -0.70710678 12.7         2.        ]\n",
      " [ 0.70710678 -0.70710678  2.         12.7       ]] \n",
      "\n",
      "\n",
      "k= 4 \n",
      " Q_k =  [[ 1.          0.          0.          0.        ]\n",
      " [ 0.          1.          0.          0.        ]\n",
      " [ 0.          0.          0.70710678  0.70710678]\n",
      " [ 0.          0.         -0.70710678  0.70710678]] \n",
      "\n",
      " Ak =  [[ 8.7  0.  -1.   0. ]\n",
      " [ 0.   4.7  0.  -1. ]\n",
      " [-1.   0.  10.7  0. ]\n",
      " [ 0.  -1.   0.  14.7]] \n",
      "\n",
      "\n",
      "k= 5 \n",
      " Q_k =  [[ 0.92387953  0.         -0.38268343  0.        ]\n",
      " [ 0.          1.          0.          0.        ]\n",
      " [ 0.38268343  0.          0.92387953  0.        ]\n",
      " [ 0.          0.          0.          1.        ]] \n",
      "\n",
      " Ak =  [[ 8.28578644e+00  0.00000000e+00 -5.14912108e-16  0.00000000e+00]\n",
      " [ 0.00000000e+00  4.70000000e+00  0.00000000e+00 -1.00000000e+00]\n",
      " [-3.19895587e-16  0.00000000e+00  1.11142136e+01  0.00000000e+00]\n",
      " [ 0.00000000e+00 -1.00000000e+00  0.00000000e+00  1.47000000e+01]] \n",
      "\n",
      "\n",
      "k= 6 \n",
      " Q_k =  [[ 1.          0.          0.          0.        ]\n",
      " [ 0.          0.99513333  0.         -0.09853762]\n",
      " [ 0.          0.          1.          0.        ]\n",
      " [ 0.          0.09853762  0.          0.99513333]] \n",
      "\n",
      " Ak =  [[ 8.28578644e+00  0.00000000e+00 -5.14912108e-16  0.00000000e+00]\n",
      " [ 0.00000000e+00  4.60098049e+00  0.00000000e+00  2.48955459e-17]\n",
      " [-3.19895587e-16  0.00000000e+00  1.11142136e+01  0.00000000e+00]\n",
      " [ 0.00000000e+00  1.13350186e-16  0.00000000e+00  1.47990195e+01]] \n",
      "\n",
      "\n"
     ]
    }
   ],
   "source": [
    "Ak, Q_Res = Jacobi(A, e)"
   ]
  },
  {
   "cell_type": "code",
   "execution_count": 9,
   "id": "0aa37a99",
   "metadata": {},
   "outputs": [
    {
     "name": "stdout",
     "output_type": "stream",
     "text": [
      "Spr(A): [ 5.52786405  7.17157288 12.82842712 14.47213595]\n",
      "Q [[ 0.37174803  0.65328148 -0.27059805  0.60150096]\n",
      " [-0.60150096  0.27059805  0.65328148  0.37174803]\n",
      " [ 0.37174803 -0.65328148  0.27059805  0.60150096]\n",
      " [-0.60150096 -0.27059805 -0.65328148  0.37174803]]\n"
     ]
    }
   ],
   "source": [
    "Spr_A = Ak.diagonal()\n",
    "print(\"Spr(A):\", Spr_A)\n",
    "print(\"Q\", Q_Res)"
   ]
  },
  {
   "cell_type": "code",
   "execution_count": 126,
   "id": "be7f3105",
   "metadata": {},
   "outputs": [
    {
     "name": "stdout",
     "output_type": "stream",
     "text": [
      "i= 0\n",
      "q= [ 0.37174803 -0.60150096  0.37174803 -0.60150096]\n",
      "A*q= [ 2.05497259 -3.3250155   2.05497259 -3.3250155 ]\n",
      "lambda * q= [ 3.74107189 -3.74107189 -1.13270543 -1.13270543]\n",
      "i= 1\n",
      "q= [ 0.65328148  0.27059805 -0.65328148 -0.27059805]\n",
      "A*q= [ 4.68505576  1.94061364 -4.68505576 -1.94061364]\n",
      "lambda * q= [-1.46951507  1.46951507 -4.85347857 -4.85347857]\n",
      "i= 2\n",
      "q= [-0.27059805  0.65328148  0.27059805 -0.65328148]\n",
      "A*q= [-3.47134737  8.38057389  3.47134737 -8.38057389]\n",
      "lambda * q= [ 2.62865166  2.62865166  8.68184667 -8.68184667]\n",
      "i= 3\n",
      "q= [0.60150096 0.37174803 0.60150096 0.37174803]\n",
      "A*q= [8.7050036 5.3799881 8.7050036 5.3799881]\n",
      "lambda * q= [ 9.79425336  9.79425336 -2.96546131  2.96546131]\n"
     ]
    }
   ],
   "source": [
    "Q = np.transpose(Q_Res)\n",
    "for i in range(4):\n",
    "    print(\"i=\", i)\n",
    "    print(\"q=\", Q[i])\n",
    "    print(\"A*q=\", A.dot(Q[i]))\n",
    "    print(\"lambda * q=\", Spr_A[i] * Q_[i])"
   ]
  },
  {
   "cell_type": "code",
   "execution_count": null,
   "id": "33dc1491",
   "metadata": {},
   "outputs": [],
   "source": []
  }
 ],
 "metadata": {
  "kernelspec": {
   "display_name": "Python 3",
   "language": "python",
   "name": "python3"
  },
  "language_info": {
   "codemirror_mode": {
    "name": "ipython",
    "version": 3
   },
   "file_extension": ".py",
   "mimetype": "text/x-python",
   "name": "python",
   "nbconvert_exporter": "python",
   "pygments_lexer": "ipython3",
   "version": "3.8.8"
  }
 },
 "nbformat": 4,
 "nbformat_minor": 5
}
